day;time;thermal_zone2;thermal_zone0;thermal_zone7;thermal_zone5;thermal_zone3;thermal_zone1;thermal_zone8;thermal_zone6;thermal_zone4
2024-05-17;11:40:31;20.0;42.0;44.0;42.0;42.05;42.0;58.0;58.0;0.05
2024-05-17;11:41:31;20.0;41.0;44.0;40.0;41.05;41.0;43.0;42.0;0.05
2024-05-17;11:42:32;20.0;39.0;42.0;38.0;39.05;39.0;41.0;40.0;0.05
2024-05-17;11:43:32;20.0;38.0;41.0;38.0;38.05;38.0;40.0;39.0;0.05
2024-05-17;11:44:32;20.0;37.0;40.0;38.0;37.05;37.0;40.0;39.0;0.05
2024-05-17;11:45:32;20.0;37.0;41.0;38.0;37.05;37.0;40.0;39.0;0.05
2024-05-17;11:46:32;20.0;37.0;40.0;37.0;37.05;37.0;39.0;39.0;0.05
2024-05-17;11:47:32;20.0;37.0;40.0;37.0;37.05;37.0;39.0;39.0;0.05
2024-05-17;11:48:32;20.0;36.0;39.0;36.0;36.05;36.0;39.0;39.0;0.05
2024-05-17;11:49:32;20.0;36.0;39.0;37.0;36.05;36.0;38.0;39.0;0.05
